Usando a=0.7, b=-0.1, c=-0.1

14      0.001576      0.001018
15      0.001659      0.001017
16      0.001738      0.001061
17      0.001813      0.001088
18      0.001886      0.001365
19      0.001955      0.001345
20      0.002021      0.001412
21      0.002084      0.001561
22      0.002145      0.001683
23      0.002202      0.001816
24      0.002257      0.001982
25      0.002309      0.002103
26      0.002358      0.002234
27      0.002405      0.002275
28      0.002450      0.002330
29      0.002492      0.002385
30      0.002532      0.002484
31      0.002570      0.002566
32      0.002605      0.002631
33      0.002639      0.002696
34      0.002670      0.002723
35      0.002700      0.002751
36      0.002727      0.002796
37      0.002753      0.002848
38      0.002777      0.002939
39      0.002799      0.003004
40      0.002820      0.003039
41      0.002838      0.003077
42      0.002856      0.003110
43      0.002872      0.003135
44      0.002886      0.003165
45      0.002899      0.003209
46      0.002910      0.003264
47      0.002921      0.003304
48      0.002929      0.003333
49      0.002937      0.003358
50      0.002944      0.003365
51      0.002949      0.003370
52      0.002953      0.003379
53      0.002956      0.003385
54      0.002958      0.003383
55      0.002959      0.003362
56      0.002959      0.003347
57      0.002958      0.003319
58      0.002956      0.003299
59      0.002954      0.003286
60      0.002950      0.003273
61      0.002946      0.003513
62      0.002941      0.003219
63      0.002935      0.003180
64      0.002928      0.003149
65      0.002921      0.003109
66      0.002913      0.003079
67      0.002904      0.003045
68      0.002895      0.002973
69      0.002885      0.002919
70      0.002875      0.002839
71      0.002864      0.002744
72      0.002852      0.002684
73      0.002840      0.002567
74      0.002828      0.002501
75      0.002815      0.002475
76      0.002801      0.002417
77      0.002787      0.002353
78      0.002773      0.002280
79      0.002759      0.002207
80      0.002744      0.002129
81      0.002728      0.002052
82      0.002713      0.001990
83      0.002697      0.001927
