1      14      0.000020
2      15      0.000020
3      16      0.000022
4      17      0.000022
5      18      0.000029
6      19      0.000029
7      20      0.000029
8      21      0.000033
9      22      0.000034
10      23      0.000037
11      24      0.000042
12      25      0.000042
13      26      0.000046
14      27      0.000046
15      28      0.000047
16      29      0.000048
17      30      0.000050
18      31      0.000052
19      32      0.000053
20      33      0.000055
21      34      0.000055
22      35      0.000056
23      36      0.000057
24      37      0.000058
25      38      0.000060
26      39      0.000061
27      40      0.000061
28      41      0.000062
29      42      0.000063
30      43      0.000063
31      44      0.000064
32      45      0.000065
33      46      0.000066
34      47      0.000067
35      48      0.000067
36      49      0.000068
37      50      0.000068
38      51      0.000068
39      52      0.000068
40      53      0.000068
41      54      0.000068
42      55      0.000068
43      56      0.000068
44      57      0.000068
45      58      0.000068
46      59      0.000068
47      60      0.000068
48      61      0.000068
49      62      0.000068
50      63      0.000068
51      64      0.000068
52      65      0.000068
53      66      0.000068
54      67      0.000068
55      68      0.000068
56      69      0.000068
57      70      0.000068
58      71      0.000068
59      72      0.000068
60      73      0.000068
61      74      0.000068
62      75      0.000068
63      76      0.000068
64      77      0.000068
65      78      0.000068
66      79      0.000068
67      80      0.000068
68      81      0.000068
69      82      0.000068
70      83      0.000068
