1      14      0.001892
2      15      0.001017
3      16      0.001061
4      17      0.001088
5      18      0.001365
6      19      0.001345
7      20      0.001412
8      21      0.001561
9      22      0.001683
10      23      0.001816
11      24      0.001982
12      25      0.002103
13      26      0.002234
14      27      0.002275
15      28      0.002330
16      29      0.002385
17      30      0.002484
18      31      0.002566
19      32      0.002631
20      33      0.002696
21      34      0.002723
22      35      0.002751
23      36      0.002796
24      37      0.002848
25      38      0.002939
26      39      0.003004
27      40      0.003039
28      41      0.003077
29      42      0.003110
30      43      0.003135
31      44      0.003165
32      45      0.003209
33      46      0.003264
34      47      0.003304
35      48      0.003333
36      49      0.003358
37      50      0.003365
38      51      0.003370
39      52      0.003379
40      53      0.003385
41      54      0.003383
42      55      0.003362
43      56      0.003347
44      57      0.003319
45      58      0.003299
46      59      0.003286
47      60      0.003273
48      61      0.003513
49      62      0.003219
50      63      0.003180
51      64      0.003149
52      65      0.003109
53      66      0.003079
54      67      0.003045
55      68      0.002973
56      69      0.002919
57      70      0.002839
58      71      0.002744
59      72      0.002684
60      73      0.002567
61      74      0.002501
62      75      0.002475
63      76      0.002417
64      77      0.002353
65      78      0.002280
66      79      0.002207
67      80      0.002129
68      81      0.002052
69      82      0.001990
70      83      0.001927
