1      14      9995.326169
2      15      0.001017
3      16      0.001061
4      17      0.001088
5      18      0.001365
6      19      0.001345
7      20      0.001412
8      21      0.001561
9      22      0.001683
10      23      0.001816
11      24      0.001982
12      25      0.002103
13      26      0.002234
14      27      0.002275
15      28      0.002330
16      29      0.002385
17      30      0.002501
18      31      0.002704
19      32      0.002632
20      33      0.003084
21      34      0.003325
22      35      0.003560
23      36      0.003756
24      37      0.003960
25      38      0.004048
26      39      0.004160
27      40      0.004317
28      41      0.003080
29      42      0.004575
30      43      0.004729
31      44      0.004888
32      45      0.004992
33      46      0.005038
34      47      0.005102
35      48      0.005188
36      49      0.005263
37      50      0.005369
38      51      0.005475
39      52      0.005548
40      53      0.005584
41      54      0.005644
42      55      0.005707
43      56      0.005726
44      57      0.005769
45      58      0.005794
46      59      0.005793
47      60      0.005765
48      61      0.005764
49      62      0.005718
50      63      0.005700
51      64      0.005664
52      65      0.005677
53      66      0.005662
54      67      0.005629
55      68      0.005599
56      69      0.005433
57      70      0.005400
58      71      0.005387
59      72      0.005359
60      73      0.005348
61      74      0.005267
62      75      0.004896
63      76      0.004794
64      77      0.004705
65      78      0.004538
66      79      0.004457
67      80      0.004412
68      81      0.004347
69      82      0.004196
70      83      0.004088
