1      14      0.000000
2      15      0.000000
3      16      0.000000
4      17      0.000000
5      18      0.000000
6      19      0.000000
7      20      0.000000
8      21      0.000000
9      22      0.000000
10      23      0.000000
11      24      0.000000
12      25      0.000000
13      26      0.000000
14      27      0.000000
15      28      0.000000
16      29      0.000000
17      30      0.000000
18      31      0.000000
19      32      0.000000
20      33      0.000000
21      34      0.000000
22      35      0.000000
23      36      0.000000
24      37      0.000000
25      38      0.000000
26      39      0.000000
27      40      0.000000
28      41      0.000000
29      42      0.000000
30      43      0.000000
31      44      0.000000
32      45      0.000000
33      46      0.000000
34      47      0.000000
35      48      0.000000
36      49      0.000000
37      50      0.000000
38      51      0.000000
39      52      0.000000
40      53      0.000000
41      54      0.000000
42      55      0.000000
43      56      0.000000
44      57      0.000000
45      58      0.000000
46      59      0.000000
47      60      0.000000
48      61      0.000000
49      62      0.000000
50      63      0.000000
51      64      0.000000
52      65      0.000000
53      66      0.000000
54      67      0.000000
55      68      0.000000
56      69      0.000000
57      70      0.000000
58      71      0.000000
59      72      0.000000
60      73      0.000000
61      74      0.000000
62      75      0.000000
63      76      0.000000
64      77      0.000000
65      78      0.000000
66      79      0.000000
67      80      0.000000
68      81      0.000000
69      82      0.000000
70      83      0.000000
