1      14      0.002036
2      15      0.002035
3      16      0.002122
4      17      0.002175
5      18      0.002730
6      19      0.002690
7      20      0.002823
8      21      0.003123
9      22      0.003366
10      23      0.003631
11      24      0.003963
12      25      0.004207
13      26      0.004469
14      27      0.004549
15      28      0.004659
16      29      0.004771
17      30      0.004968
18      31      0.005132
19      32      0.005263
20      33      0.005391
21      34      0.005446
22      35      0.005502
23      36      0.005593
24      37      0.005697
25      38      0.005878
26      39      0.006008
27      40      0.006078
28      41      0.006153
29      42      0.006220
30      43      0.006271
31      44      0.006330
32      45      0.006419
33      46      0.006528
34      47      0.006608
35      48      0.006667
36      49      0.006717
37      50      0.006731
38      51      0.006741
39      52      0.006757
40      53      0.006770
41      54      0.006767
42      55      0.006724
43      56      0.006693
44      57      0.006638
45      58      0.006597
46      59      0.007401
47      60      0.006546
48      61      0.006498
49      62      0.006438
50      63      0.006360
51      64      0.006299
52      65      0.006218
53      66      0.006159
54      67      0.006091
55      68      0.005945
56      69      0.005838
57      70      0.005679
58      71      0.005488
59      72      0.005359
60      73      0.005134
61      74      0.005003
62      75      0.004950
63      76      0.004834
64      77      0.004685
65      78      0.004561
66      79      0.005666
67      80      0.004412
68      81      0.004347
69      82      0.004196
70      83      0.004088
