1      14      0.001000
2      15      0.001000
3      16      0.001000
4      17      0.001000
5      18      0.001000
6      19      0.001000
7      20      0.001000
8      21      0.001000
9      22      0.001000
10      23      0.001000
11      24      0.001000
12      25      0.001000
13      26      0.001000
14      27      0.001000
15      28      0.001000
16      29      0.001000
17      30      0.001000
18      31      0.001000
19      32      0.001000
20      33      0.001000
21      34      0.001000
22      35      0.001000
23      36      0.001000
24      37      0.001000
25      38      0.001000
26      39      0.001000
27      40      0.001000
28      41      0.001000
29      42      0.001000
30      43      0.001000
31      44      0.001000
32      45      0.001000
33      46      0.001000
34      47      0.001000
35      48      0.001000
36      49      0.001000
37      50      0.001000
38      51      0.001000
39      52      0.001000
40      53      0.001000
41      54      0.001000
42      55      0.001000
43      56      0.001000
44      57      0.001000
45      58      0.001000
46      59      0.001000
47      60      0.001000
48      61      0.001000
49      62      0.001000
50      63      0.001000
51      64      0.001000
52      65      0.001000
53      66      0.001000
54      67      0.001000
55      68      0.001000
56      69      0.001000
57      70      0.001000
58      71      0.001000
59      72      0.001000
60      73      0.001000
61      74      0.001000
62      75      0.001000
63      76      0.001000
64      77      0.001000
65      78      0.001000
66      79      0.001000
67      80      0.001000
68      81      0.001000
69      82      0.001000
70      83      0.001000
